0 0.20725995316159251 0.8260416666666667 0.22950819672131148 0.33541666666666664
0 0.0895784543325527 0.4895833333333333 0.09953161592505855 0.2375
0 0.19028103044496486 0.48020833333333335 0.09484777517564402 0.24791666666666667
0 0.29215456674473067 0.4875 0.09250585480093677 0.275
0 0.40105386416861827 0.48854166666666665 0.08548009367681499 0.2520833333333333
0 0.4818501170960187 0.5010416666666667 0.06440281030444965 0.22291666666666668
0 0.5450819672131147 0.503125 0.09250585480093677 0.21041666666666667
0 0.6305620608899297 0.5083333333333333 0.09016393442622951 0.2125
0 0.6961358313817331 0.4864583333333333 0.07377049180327869 0.22291666666666668
0 0.7734192037470726 0.5104166666666666 0.09953161592505855 0.1875
0 0.8641686182669789 0.5135416666666667 0.07728337236533958 0.18541666666666667
0 0.9443793911007026 0.5020833333333333 0.08548009367681499 0.19166666666666668