0 0.42915690866510536 0.26666666666666666 0.04566744730679157 0.17083333333333334
0 0.560304449648712 0.28020833333333334 0.06440281030444965 0.15625
0 0.632903981264637 0.37395833333333334 0.04332552693208431 0.16458333333333333
0 0.8343091334894613 0.6010416666666667 0.05737704918032787 0.08125
0 0.7933255269320844 0.628125 0.06440281030444965 0.06875
0 0.4297423887587822 0.7479166666666667 0.07728337236533958 0.19583333333333333
0 0.2646370023419204 0.8666666666666667 0.08196721311475409 0.14583333333333334
0 0.3729508196721312 0.5541666666666667 0.059718969555035126 0.14166666666666666
0 0.43911007025761123 0.45729166666666665 0.053864168618266976 0.17708333333333334
0 0.09133489461358314 0.4322916666666667 0.06791569086651054 0.14791666666666667
0 0.11885245901639344 0.5114583333333333 0.01288056206088993 0.0020833333333333333