0 0.09133489461358314 0.6 0.05152224824355972 0.19166666666666668
0 0.32903981264637 0.453125 0.06791569086651054 0.17291666666666666
0 0.39227166276346603 0.6604166666666667 0.06088992974238876 0.19583333333333333
0 0.7786885245901639 0.546875 0.06791569086651054 0.16875
0 0.8489461358313818 0.46770833333333334 0.07494145199063232 0.14791666666666667
0 0.974824355971897 0.478125 0.04566744730679157 0.14791666666666667
0 0.20081967213114754 0.878125 0.1323185011709602 0.23958333333333334
0 0.9631147540983607 0.56875 0.04566744730679157 0.12916666666666668
0 0.6340749414519906 0.34791666666666665 0.04800936768149883 0.125
0 0.7066744730679156 0.3229166666666667 0.04800936768149883 0.10833333333333334
0 0.6662763466042154 0.34270833333333334 0.04215456674473068 0.13541666666666666