0 0.9069086651053864 0.4864583333333333 0.06206088992974239 0.12291666666666666
0 0.7745901639344263 0.7989583333333333 0.08079625292740047 0.19791666666666666
0 0.5269320843091335 0.5802083333333333 0.04918032786885246 0.14375
0 0.5796252927400468 0.4114583333333333 0.03981264637002342 0.09791666666666667
0 0.5181498829039812 0.346875 0.05269320843091335 0.08541666666666667
0 0.376463700234192 0.48333333333333334 0.02927400468384075 0.14583333333333334
0 0.297423887587822 0.3875 0.03044496487119438 0.1
0 0.2997658079625293 0.4947916666666667 0.04449648711943794 0.13541666666666666
0 0.15046838407494145 0.46770833333333334 0.04566744730679157 0.13541666666666666
0 0.20433255269320844 0.3697916666666667 0.03161592505854801 0.11875
0 0.17740046838407494 0.3854166666666667 0.03161592505854801 0.12916666666666668