0 0.8387738280585612 0.4162011173184358 0.06044509570473494 0.19832402234636878
0 0.9745790430834848 0.3170391061452513 0.047885075818036714 0.16480446927374298
0 0.7406486726937317 0.3379888268156425 0.10283516282234118 0.1508379888268156
0 0.5024007954679263 0.5614525139664804 0.06123009694765345 0.22346368715083786
0 0.465113236429291 0.3407821229050279 0.13580521502492382 0.15921787709497207
0 0.27239543129276617 0.41620111731843584 0.1256001988669815 0.18994413407821203
0 0.44117069852027263 0.49511173184357515 0.07379011683435173 0.20251396648044653
0 0.05612758886868237 0.3477653631284916 0.11068517525152748 0.06703910614525138
0 0.2614054138919053 0.7946927374301676 0.17741028089961142 0.2765363128491618
0 0.03257755158112333 0.24720670391061453 0.06358510067640939 0.1564245810055866
