0 0.09262166405023542 0.6019459706959698 0.05180533751962326 0.19271978021977984
0 0.3292778649921506 0.4553113553113552 0.06828885400313965 0.17316849816849803
0 0.39324960753532123 0.6626945970695965 0.06122448979591833 0.19690934065934124
0 0.7645211930926208 0.5495764652014646 0.100470957613814 0.17177197802197713
0 0.8500784929356339 0.4692765567765554 0.07535321821035937 0.1480311355311371
0 0.9454474097331237 0.4825434981684981 0.10596546310832025 0.1550137362637362
0 0.1993720565149135 0.884741300366299 0.12872841444270028 0.22763278388278352
0 0.9642857142857139 0.5705242673992674 0.046310832025117606 0.12987637362637358
0 0.6350078492935629 0.34987408424908367 0.04866562009419233 0.12708333333333321
0 0.7080062794348511 0.3250208058676551 0.04866562009419159 0.10975692306322489
0 0.6671441803297269 0.34409757970294913 0.04226735336974114 0.13705210172028792
