0 0.8725288815040624 0.6997206703910615 0.06829510813392119 0.17597765363128487
0 0.7265186503211963 0.5586592178770949 0.04788507581803685 0.14525139664804462
0 0.27867544123611526 0.661312849162011 0.06594010440516528 0.16340782122905026
0 0.2315753666609972 0.4657821229050279 0.05495008700430439 0.13547486033519548
0 0.14875773553308125 0.761173184357542 0.07143511310559575 0.23743016759776536
0 0.5063258016825194 0.5558659217877094 0.05181008203262984 0.15083798882681557
0 0.6123009694765349 0.5837988826815642 0.04553007208928072 0.15642458100558648
0 0.6794185757460782 0.49162011173184356 0.05102508078971112 0.12290502793296092
0 0.7253411484568184 0.4916201117318436 0.05809009197597888 0.11731843575418992
0 0.5420433582353172 0.4790502793296089 0.052595083275548474 0.12290502793296092
