0 0.2919937205651487 0.4965086996336991 0.12087912087912073 0.24997710622710526
0 0.4423076923076909 0.3659340659340653 0.12009419152276257 0.22902930402930508
0 0.5741758241758215 0.4043383699633683 0.09183673469388226 0.2807005494505526
0 0.7947409733124018 0.4664835164835165 0.07770800627943487 0.296062271062271
0 0.6648351648351646 0.47835393772893764 0.07692307692307691 0.2695283882783882
0 0.9105180533751956 0.9259386446886443 0.1036106750392464 0.14523809523809467
0 0.6267660910518051 0.5984546703296703 0.14207221350078506 0.26114926739926736
0 0.5313971742543153 0.6012477106227094 0.11302982731554127 0.26394230769230553
0 0.34301412872841186 0.4601991758241727 0.0989010989010992 0.20528846153845762
0 0.4776295133437926 0.39875228937728613 0.06043956043956356 0.22763278388278227
