0 0.6158334750696688 0.6403631284916201 0.07771512304894479 0.17458100558659226
0 0.7367236664791386 0.47416201117318435 0.06672510564808405 0.1466480446927374
0 0.7975612628053327 0.3889664804469274 0.03768005966009454 0.16061452513966476
0 0.8391663286800204 0.40782122905027934 0.053380084518467326 0.13128491620111732
0 0.6692135595881359 0.43435754189944137 0.04631507333219943 0.13407821229050285
0 0.7284811534284928 0.3798882681564246 0.0376800596600944 0.11731843575418992
0 0.3873981133803462 0.3317039106145252 0.044745070846362325 0.12150837988826822
0 0.5549958787434747 0.42807262569832405 0.05181008203262977 0.14385474860335193
0 0.09577015163607346 0.49231843575419 0.053380084518467194 0.15782122905027934
0 0.5459683644499104 0.5202513966480443 0.06986511061975859 0.13547486033519543
