0 0.9447489958525768 0.7562849162011173 0.10911517276569015 0.25837988826815633
0 0.6401685136001464 0.6717877094972067 0.18761529705755373 0.20391061452513967
0 0.8945089163057841 0.4168994413407821 0.09184514542148023 0.18016759776536304
0 0.7170986354061726 0.3100558659217877 0.08556513547813126 0.12290502793296092
0 0.6527285334868447 0.28002793296089384 0.06044509570473494 0.1019553072625698
0 0.45883322648594194 0.18296089385474856 0.04317506836052498 0.08659217877094971
0 0.09694765350045137 0.27444134078212284 0.07300511559143302 0.11312849162011172
0 0.047885075818036686 0.3875698324022347 0.09263014666439882 0.28072625698324016
0 0.1923253045150655 0.4574022346368715 0.13502021378200513 0.20810055865921784
0 0.10558266717255632 0.43994413407821226 0.09498515039315478 0.19553072625698323
0 0.36031557049965324 0.7129888268156424 0.13659021626784246 0.3477653631284913
0 0.3147854984103724 0.46229050279329614 0.09106014417856155 0.18156424581005587
0 0.37562309473656663 0.45041899441340777 0.05730509073306022 0.2108938547486034
0 0.4623657320790758 0.46019553072625713 0.07065011186267704 0.20251396648044684
0 0.5424358588567763 0.45041899441340777 0.05966009446181638 0.1885474860335195
0 0.5746209098164402 0.34636871508379896 0.07850012429186333 0.13687150837988832
0 0.3414755406696061 0.3296089385474861 0.08478013423521254 0.13128491620111732
0 0.4482357097065403 0.2506983240223464 0.08635013672104982 0.11592178770949722
0 0.5173158190833802 0.33798882681564235 0.0643701019193282 0.11452513966480443
