0 0.7987387646697107 0.6571229050279329 0.08870514044980567 0.20530726256983228
0 0.6366360080070126 0.5055865921787709 0.06280009943349064 0.12569832402234646
0 0.645663522300577 0.3414804469273743 0.040035063388850316 0.14106145251396648
0 0.3842581084086716 0.4106145251396648 0.06515510316224671 0.1592178770949721
0 0.28495545117946436 0.4301675977653631 0.05652008949014171 0.16480446927374304
0 0.3493255530987923 0.8386871508379887 0.08007012677770074 0.26117318435754183
0 0.11971268954509176 0.43994413407821226 0.06829510813392119 0.15642458100558662
0 0.15111273926183716 0.3743016759776536 0.04945507830387395 0.15083798882681562
0 0.2720029306713069 0.36382681564245817 0.04945507830387399 0.13826815642458104
0 0.10126516033650387 0.37500000000000017 0.04239006711760627 0.14385474860335193
