0 0.7842162416757159 0.22067039106145253 0.03454005468841984 0.10893854748603353
0 0.6052359582902672 0.39385474860335196 0.06594010440516528 0.22067039106145245
0 0.4494132115709182 0.6340782122905029 0.10126516033650383 0.31843575418994413
0 0.425863174283359 0.5537709497206704 0.07771512304894479 0.27234636871508405
0 0.2947679667159473 0.38617318435754183 0.06829510813392119 0.20251396648044698
0 0.09694765350045138 0.23324022346368714 0.05102508078971125 0.13128491620111732
0 0.37012808603613623 0.19343575418994413 0.03846506090301311 0.08240223463687152
0 0.4136956550181204 0.17318435754189943 0.02983004723090815 0.09776536312849164
0 0.46903824264388416 0.31634078212290506 0.04474507084636215 0.18016759776536306
0 0.43960069603443536 0.2737430167597765 0.03454005468841999 0.15363128491620118
