0 0.9074614368139418 0.48812849162011174 0.0628000994334907 0.1243016759776536
0 0.7755812280036111 0.8002793296089385 0.08164012926353806 0.1983240223463686
0 0.5271283346198632 0.5810055865921788 0.04945507830387399 0.14525139664804476
0 0.5809009197597896 0.41410614525139666 0.04082006463176903 0.09916201117318436
0 0.5196708228121356 0.34916201117318435 0.053380084518467076 0.0865921787709498
0 0.37680059660094456 0.48533519553072624 0.02983004723090829 0.14664804469273754
0 0.29830047230908113 0.3889664804469274 0.03140004971674539 0.1019553072625699
0 0.3014404772807556 0.49720670391061444 0.045530072089280754 0.13687150837988832
0 0.1518977405047558 0.46857541899441346 0.04631507333219945 0.13547486033519554
0 0.20527782502322295 0.3715083798882681 0.032185050959664036 0.12011173184357546
0 0.17858778276398937 0.38617318435754194 0.032185050959664036 0.12988826815642454
