0 0.6295709968207448 0.6256983240223464 0.07693012180602601 0.19273743016759767
0 0.7214161422422251 0.5726256983240223 0.10048015909358511 0.08938547486033521
0 0.8230738032001884 0.4664804469273743 0.04317506836052488 0.18435754189944134
0 0.7402561720722725 0.44064245810055863 0.07222011434851439 0.11871508379888268
0 0.65547603783706 0.34567039106145253 0.003140004971674415 0.0013966480446927676
0 0.6264309918490703 0.41480446927374304 0.06123009694765351 0.12849162011173176
0 0.0773226224274855 0.38896648044692733 0.04945507830387398 0.13547486033519535
0 0.45019821281383665 0.6096368715083799 0.0698651106197589 0.18016759776536323
0 0.5832559234885455 0.5160614525139665 0.0785001242918635 0.15502793296089387
0 0.5781534154095743 0.4043296089385475 0.047885075818036714 0.15502793296089387
