0 0.19028103044496486 0.23020833333333332 0.06908665105386416 0.15625
0 0.2505854800936768 0.22291666666666668 0.04918032786885246 0.17916666666666667
0 0.37236533957845436 0.06145833333333333 0.03981264637002342 0.07708333333333334
0 0.3946135831381733 0.13854166666666667 0.053864168618266976 0.09791666666666667
0 0.5087822014051522 0.17916666666666667 0.08782201405152225 0.1375
0 0.10421545667447307 0.45 0.10304449648711944 0.22916666666666666
0 0.617096018735363 0.13854166666666667 0.0468384074941452 0.11458333333333333
0 0.6656908665105387 0.078125 0.03161592505854801 0.09375
0 0.6194379391100703 0.3489583333333333 0.08899297423887588 0.30625
0 0.44672131147540983 0.35 0.12997658079625293 0.24583333333333332
0 0.4572599531615925 0.521875 0.1791569086651054 0.23125
0 0.4929742388758782 0.33541666666666664 0.08899297423887588 0.23333333333333334